10 8 70 34 15 26 8
10 8 70 34 6 26 8
10 8 70 34 6 26 2
10 17 70 34 6 26 2
10 17 70 76 6 26 2
10 17 70 76 6 5 2
10 17 190 76 6 5 2
70 17 190 76 6 5 2
30 14 150 20 18 5 12
90 14 150 20 18 5 12
90 14 150 62 18 5 12
90 14 150 62 9 5 12
90 14 30 62 9 5 12
90 14 30 62 9 5 6
90 14 30 62 9 26 6
90 5 30 62 9 26 6
110 11 150 90 15 19 2
110 11 150 48 15 19 2
50 11 150 48 15 19 2
50 11 150 48 15 19 8
50 11 150 48 15 40 8
50 20 150 48 15 40 8
50 20 30 48 15 40 8
50 20 30 48 6 40 8
70 20 230 20 9 12 6
70 20 230 20 18 12 6
70 20 230 20 18 33 6
70 20 110 20 18 33 6
70 20 110 62 18 33 6
70 20 110 62 18 33 12
70 11 110 62 18 33 12
10 11 110 62 18 33 12
70 17 30 90 9 40 4
70 17 30 48 9 40 4
70 8 30 48 9 40 4
10 8 30 48 9 40 4
10 8 30 48 18 40 4
10 8 30 48 18 19 4
10 8 30 48 18 19 10
10 8 150 48 18 19 10
50 17 70 76 3 33 6
50 17 190 76 3 33 6
110 17 190 76 3 33 6
110 17 190 76 3 12 6
110 8 190 76 3 12 6
110 8 190 34 3 12 6
110 8 190 34 12 12 6
110 8 190 34 12 12 12
10 8 150 20 9 40 2
10 8 150 62 9 40 2
10 17 150 62 9 40 2
10 17 30 62 9 40 2
10 17 30 62 9 40 8
10 17 30 62 9 19 8
70 17 30 62 9 19 8
70 17 30 62 18 19 8
10 11 230 90 3 19 2
10 11 230 90 12 19 2
10 11 230 90 12 19 8
10 11 230 48 12 19 8
70 11 230 48 12 19 8
70 20 230 48 12 19 8
70 20 230 48 12 40 8
70 20 110 48 12 40 8
10 11 150 20 18 5 6
10 11 150 20 18 5 12
10 20 150 20 18 5 12
70 20 150 20 18 5 12
70 20 150 62 18 5 12
70 20 30 62 18 5 12
70 20 30 62 18 26 12
70 20 30 62 9 26 12
30 20 150 20 9 5 4
30 20 30 20 9 5 4
90 20 30 20 9 5 4
90 20 30 20 9 5 10
90 11 30 20 9 5 10
90 11 30 62 9 5 10
90 11 30 62 18 5 10
90 11 30 62 18 26 10
